80
64
297
200
257
175
90
186
47
62
158
19
36
261
236
14
165
344
315
122
118
287
299
119
51
320
37
166
303
260
232
233
68
145
255
316
88
96
350
105
65
327
304
85
131
171
174
199
30
212
1
269
13
233
214
125
142
340
157
123
107
202
126
286
250
7
138
92
138
359
347
175
74
277
177
290
149
194
21
283
157
237
215
2
12
37
355
86
77
136
46
5
272
42
252
200
247
255
303
49
150
204
269
111
236
77
188
336
85
159
276
162
272
23
294
315
335
300
97
219
44
296
4
292
327
177
316
198
216
103
193
58
185
327
259
64
12
100
1
204
106
0
95
48
44
208
145
233
188
294
115
306
72
164
186
249
39
317
345
288
274
17
293
25
248
354
21
165
193
306
228
130
50
36
281
77
25
254
211
82
247
105
190
285
170
182
290
10
308
35
96
78
248
184
59
62
157
116
214
275
231
198
247
297
262
350
295
52
277
51
302
228
208
74
312
35
311
207
142
187
13
112
357
5
239
78
174
171
119
23
114
279
233
332
181
160
287
269
31
184
251
153
266
321
60
359
303
24
356
248
202
143
191
19
52
136
3
182
330
279
174
229
234
102
21
33
156
197
244
336
49
45
238
4
111
275
231
205
224
126
18
126
134
13
344
72
172
234
260
48
251
229
33
70
41
60
76
26
21
201
252
191
142
68
248
194
187
304
78
210
210
275
324
10
182
280
151
322
149
345
281
128
184
196
168
317
291
149
223
65
345
285
86
166
7
319
355
120
255
311
113
77
125
127
316
278
284
163
47
300
117
108
329
87
115
179
276
50
146
334
272
285
35
117
103
270
252
239
186
290
67
291
332
281
176
142
62
289
87
216
261
195
225
12
305
289
149
1
209
358
1
356
341
220
356
317
107
17
218
12
158
229
118
80
198
116
33
157
9
38
40
311
258
355
275
109
118
224
268
285
278
10
158
209
177
342
317
320
247
271
222
292
5
127
297
59
310
168
11
167
321
270
54
151
320
152
289
61
262
260
90
99
248
297
302
122
230
344
2
74
307
144
8
212
160
332
192
259
270
278
26
86
297
119
218
141
191
63
101
4
228
329
252
42
285
235
337
193
326
144
102
13
78
6
7
159
105
87
95
112
